MVE camera infos 1.0
camera_count = 334
id = 0
name = 20160720_165259
focal_length = 0.836081
principle_point = 0.5 0.5
pixel_aspect_ratio = 1
camera_distortion = 0 0
translation = -0.140053 -1.99726 4.67141
rotation = 0.578279 -0.665448 0.471988 -0.0930288 0.520973 0.848488 -0.810518 -0.534571 0.239362
id = 1
name = 20160720_165322
focal_length = 0.836447
principle_point = 0.5 0.5
pixel_aspect_ratio = 1
camera_distortion = 0 0
translation = -0.0890653 -2.02011 4.39903
rotation = 0.758873 -0.312441 0.571396 -0.247301 0.67342 0.696669 -0.602457 -0.66999 0.433773
id = 2
name = 20160720_165326
focal_length = 0.834306
principle_point = 0.5 0.5
pixel_aspect_ratio = 1
camera_distortion = 0 0
translation = -0.192275 -2.02259 4.64344
rotation = 0.784604 0.159647 0.59909 -0.526007 0.682907 0.506907 -0.328197 -0.712847 0.619787
id = 3
name = 20160720_165331
focal_length = 0.820874
principle_point = 0.5 0.5
pixel_aspect_ratio = 1
camera_distortion = 0 0
translation = -0.520619 -2.20831 4.72759
rotation = 0.66348 0.524978 0.533096 -0.734838 0.591255 0.332312 -0.14074 -0.612222 0.77806
id = 4
name = 20160720_165334
focal_length = 0.819327
principle_point = 0.5 0.5
pixel_aspect_ratio = 1
camera_distortion = 0 0
translation = -0.326691 -2.21404 4.59014
rotation = 0.546708 0.736951 0.397509 -0.837225 0.488368 0.246069 -0.0127899 -0.467333 0.883989
id = 5
name = 20160720_165338
focal_length = 0.820793
principle_point = 0.5 0.5
pixel_aspect_ratio = 1
camera_distortion = 0 0
translation = -0.187621 -2.13675 4.48006
rotation = 0.380289 0.885448 0.267137 -0.922699 0.34346 0.175103 0.0632941 -0.313077 0.947616
id = 6
name = 20160720_165344
focal_length = 0.827413
principle_point = 0.5 0.5
pixel_aspect_ratio = 1
camera_distortion = 0 0
translation = -0.287223 -2.15763 4.69453
rotation = 0.132887 0.989717 0.0529331 -0.960437 0.1154 0.253466 0.244751 -0.0845212 0.965895
id = 7
name = 20160720_165348
focal_length = 0.817507
principle_point = 0.5 0.5
pixel_aspect_ratio = 1
camera_distortion = 0 0
translation = -0.347477 -2.21497 4.83173
rotation = -0.209369 0.958559 -0.19321 -0.925037 -0.130109 0.3569 0.316971 0.25345 0.913943
id = 8
name = 20160720_165352
focal_length = 0.816405
principle_point = 0.5 0.5
pixel_aspect_ratio = 1
camera_distortion = 0 0
translation = -0.516125 -2.19184 4.32278
rotation = -0.484023 0.779543 -0.397536 -0.855903 -0.327228 0.400438 0.182074 0.534074 0.825599
id = 9
name = 20160720_165357
focal_length = 0.818406
principle_point = 0.5 0.5
pixel_aspect_ratio = 1
camera_distortion = 0 0
translation = 0.0522582 -2.15725 4.0718
rotation = -0.569496 0.662015 -0.487248 -0.817279 -0.392626 0.421782 0.0879197 0.638421 0.764649
id = 10
name = 20160720_165403
focal_length = 0.822353
principle_point = 0.5 0.5
pixel_aspect_ratio = 1
camera_distortion = 0 0
translation = -0.147674 -2.25316 4.65946
rotation = -0.736563 0.365125 -0.56935 -0.672773 -0.482193 0.561129 -0.0696544 0.79635 0.600812
id = 11
name = 20160720_165408
focal_length = 0.818583
principle_point = 0.5 0.5
pixel_aspect_ratio = 1
camera_distortion = 0 0
translation = -0.293994 -2.29619 4.77156
rotation = -0.796962 -0.0324491 -0.603157 -0.503009 -0.517188 0.692458 -0.334416 0.855256 0.395857
id = 12
name = 20160720_165413
focal_length = 0.814299
principle_point = 0.5 0.5
pixel_aspect_ratio = 1
camera_distortion = 0 0
translation = -0.330216 -2.31503 5.1423
rotation = -0.728002 -0.444857 -0.521647 -0.301122 -0.476082 0.826239 -0.615905 0.758583 0.212632
id = 13
name = 20160720_165416
focal_length = 0.822532
principle_point = 0.5 0.5
pixel_aspect_ratio = 1
camera_distortion = 0 0
translation = -0.405634 -2.18888 5.26567
rotation = -0.643535 -0.62979 -0.435002 -0.18231 -0.425846 0.886239 -0.743388 0.649631 0.159229
id = 14
name = 20160720_165419
focal_length = 0.824059
principle_point = 0.5 0.5
pixel_aspect_ratio = 1
camera_distortion = 0 0
translation = -0.0286544 -1.92898 3.73994
rotation = -0.489712 -0.789363 -0.370254 0.0482353 -0.448537 0.892462 -0.870549 0.41919 0.257729
id = 15
name = 20160720_165422
focal_length = 0.817602
principle_point = 0.5 0.5
pixel_aspect_ratio = 1
camera_distortion = 0 0
translation = -0.26956 -2.21342 4.84704
rotation = -0.343424 -0.909405 -0.23461 0.0372239 -0.262786 0.964136 -0.938443 0.322374 0.124099
id = 16
name = 20160720_165426
focal_length = 0.814138
principle_point = 0.5 0.5
pixel_aspect_ratio = 1
camera_distortion = 0 0
translation = 0.289417 -2.16834 3.93279
rotation = -0.183531 -0.977832 -0.100798 0.174446 -0.13331 0.975601 -0.967411 0.161469 0.195046
id = 17
name = 20160720_165429
focal_length = 0.826878
principle_point = 0.5 0.5
pixel_aspect_ratio = 1
camera_distortion = 0 0
translation = 0.0044462 -2.18716 3.89596
rotation = 0.0944545 -0.989904 0.105682 0.209803 0.123566 0.969904 -0.973171 -0.0694394 0.219356
id = 18
name = 20160720_165433
focal_length = 0.826734
principle_point = 0.5 0.5
pixel_aspect_ratio = 1
camera_distortion = 0 0
translation = -0.336553 -1.98428 3.94008
rotation = 0.335446 -0.883862 0.325981 0.125896 0.384985 0.914296 -0.933609 -0.265657 0.240416
id = 19
name = 20160720_165435
focal_length = 0.816576
principle_point = 0.5 0.5
pixel_aspect_ratio = 1
camera_distortion = 0 0
translation = -0.400893 -2.15341 3.71546
rotation = 0.503386 -0.739145 0.447512 0.0801696 0.555636 0.827552 -0.860335 -0.380701 0.338956
id = 20
name = 20160720_165438
focal_length = 0.818292
principle_point = 0.5 0.5
pixel_aspect_ratio = 1
camera_distortion = 0 0
translation = 0.0579717 -2.02273 2.90927
rotation = 0.569571 -0.68427 0.455371 0.116659 0.615709 0.77929 -0.813621 -0.390738 0.430516
id = 21
name = 20160720_165444
focal_length = 0.818139
principle_point = 0.5 0.5
pixel_aspect_ratio = 1
camera_distortion = 0 0
translation = -0.518768 -2.33704 3.09091
rotation = 0.423545 -0.834181 0.353202 -0.130096 0.329847 0.935027 -0.896485 -0.441976 0.0311814
id = 22
name = 20160720_165449
focal_length = 0.836815
principle_point = 0.5 0.5
pixel_aspect_ratio = 1
camera_distortion = 0 0
translation = -0.529989 -2.13332 3.52523
rotation = 0.580255 -0.64362 0.499057 -0.287389 0.411537 0.864896 -0.762045 -0.645284 0.0538265
id = 23
name = 20160720_165455
focal_length = 0.840053
principle_point = 0.5 0.5
pixel_aspect_ratio = 1
camera_distortion = 0 0
translation = 0.339372 -2.32404 3.50653
rotation = 0.671312 -0.578342 0.46353 -0.236411 0.425646 0.873461 -0.70246 -0.695949 0.149015
id = 24
name = 20160720_165459
focal_length = 0.824185
principle_point = 0.5 0.5
pixel_aspect_ratio = 1
camera_distortion = 0 0
translation = 0.180391 -2.54711 3.2681
rotation = 0.774255 -0.26689 0.573845 -0.349358 0.575819 0.739176 -0.52771 -0.772789 0.35259
id = 25
name = 20160720_165504
focal_length = 0.83302
principle_point = 0.5 0.5
pixel_aspect_ratio = 1
camera_distortion = 0 0
translation = -0.045351 -2.56711 3.6536
rotation = 0.798045 0.0616804 0.599433 -0.523361 0.564015 0.638733 -0.298691 -0.823458 0.48239
id = 26
name = 20160720_165509
focal_length = 0.827662
principle_point = 0.5 0.5
pixel_aspect_ratio = 1
camera_distortion = 0 0
translation = -0.287962 -2.27338 3.65368
rotation = 0.660957 0.571337 0.486528 -0.748152 0.451289 0.486422 0.0583461 -0.685501 0.72573
id = 27
name = 20160720_165515
focal_length = 0.822039
principle_point = 0.5 0.5
pixel_aspect_ratio = 1
camera_distortion = 0 0
translation = -0.167415 -2.26946 3.6585
rotation = 0.514075 0.818756 0.255667 -0.82083 0.383087 0.423653 0.248925 -0.427649 0.868995
id = 28
name = 20160720_165522
focal_length = 0.818439
principle_point = 0.5 0.5
pixel_aspect_ratio = 1
camera_distortion = 0 0
translation = -0.296702 -2.24948 3.80995
rotation = 0.252623 0.96108 0.11183 -0.864755 0.172421 0.471667 0.434028 -0.21586 0.874657
id = 29
name = 20160720_165529
focal_length = 0.827858
principle_point = 0.5 0.5
pixel_aspect_ratio = 1
camera_distortion = 0 0
translation = -0.322649 -2.39893 4.92094
rotation = 0.0151636 0.991962 -0.125624 -0.831375 0.082309 0.549582 0.555505 0.096107 0.82594
id = 30
name = 20160720_165534
focal_length = 0.829991
principle_point = 0.5 0.5
pixel_aspect_ratio = 1
camera_distortion = 0 0
translation = -0.123471 -2.6334 2.98629
rotation = -0.288043 0.904464 -0.314603 -0.941977 -0.208478 0.26309 0.172367 0.37213 0.912036
id = 31
name = 20160720_165538
focal_length = 0.82405
principle_point = 0.5 0.5
pixel_aspect_ratio = 1
camera_distortion = 0 0
translation = -0.191271 -2.32328 2.70686
rotation = -0.530823 0.665015 -0.52534 -0.847471 -0.413158 0.333308 0.00460645 0.622137 0.782895
id = 32
name = 20160720_165542
focal_length = 0.828857
principle_point = 0.5 0.5
pixel_aspect_ratio = 1
camera_distortion = 0 0
translation = -0.177856 -2.48683 2.71544
rotation = -0.742187 0.258344 -0.618398 -0.629059 -0.586821 0.509829 -0.231178 0.767398 0.598045
id = 33
name = 20160720_165545
focal_length = 0.828142
principle_point = 0.5 0.5
pixel_aspect_ratio = 1
camera_distortion = 0 0
translation = 0.128658 -2.65865 3.21439
rotation = -0.7729 0.0850282 -0.628806 -0.534995 -0.620172 0.573731 -0.341184 0.779845 0.52482
id = 34
name = 20160720_165550
focal_length = 0.81358
principle_point = 0.5 0.5
pixel_aspect_ratio = 1
camera_distortion = 0 0
translation = 0.0529814 -2.48517 3.37361
rotation = -0.68075 -0.460426 -0.569726 -0.386317 -0.43515 0.813267 -0.622366 0.773726 0.118358
id = 35
name = 20160720_165556
focal_length = 0.817415
principle_point = 0.5 0.5
pixel_aspect_ratio = 1
camera_distortion = 0 0
translation = -0.29678 -2.09659 3.36688
rotation = -0.529151 -0.737944 -0.418855 -0.273725 -0.318784 0.907442 -0.803165 0.594824 -0.033309
id = 36
name = 20160720_165602
focal_length = 0.818475
principle_point = 0.5 0.5
pixel_aspect_ratio = 1
camera_distortion = 0 0
translation = 0.527845 -2.27893 4.28307
rotation = -0.470623 -0.796689 -0.379211 -0.278783 -0.2735 0.920585 -0.837134 0.538966 -0.0933884
id = 37
name = 20160720_165608
focal_length = 0.831838
principle_point = 0.5 0.5
pixel_aspect_ratio = 1
camera_distortion = 0 0
translation = 0.191398 -2.56951 3.23038
rotation = -0.0875692 -0.994633 -0.0551036 -0.0491621 -0.0509336 0.997491 -0.994945 0.0900585 -0.044438
id = 38
name = 20160720_165614
focal_length = 0.826779
principle_point = 0.5 0.5
pixel_aspect_ratio = 1
camera_distortion = 0 0
translation = -0.170521 -2.37458 3.33391
rotation = 0.388728 -0.875684 0.286473 -0.115362 0.26222 0.958088 -0.914102 -0.405484 0.000911549
id = 39
name = 20160720_165620
focal_length = 0.829245
principle_point = 0.5 0.5
pixel_aspect_ratio = 1
camera_distortion = 0 0
translation = -0.193334 -2.25621 3.00406
rotation = 0.604241 -0.644676 0.46828 -0.20049 0.44578 0.872401 -0.771166 -0.621026 0.140107
id = 40
name = 20160720_165626
focal_length = 0.826023
principle_point = 0.5 0.5
pixel_aspect_ratio = 1
camera_distortion = 0 0
translation = 0.543435 -2.44797 2.8227
rotation = 0.697575 -0.508578 0.504716 -0.178146 0.559182 0.809679 -0.694013 -0.654725 0.29947
id = 41
name = 20160720_165630
focal_length = 0.830667
principle_point = 0.5 0.5
pixel_aspect_ratio = 1
camera_distortion = 0 0
translation = 0.156693 -2.56569 1.90155
rotation = 0.831399 -0.0187126 0.555361 -0.252644 0.87743 0.407783 -0.494921 -0.479338 0.724767
id = 42
name = 20160720_165640
focal_length = 0.824369
principle_point = 0.5 0.5
pixel_aspect_ratio = 1
camera_distortion = 0 0
translation = 0.0860277 -1.62598 1.96377
rotation = 0.5593 -0.683917 0.468447 0.413032 0.719869 0.557847 -0.718741 -0.11852 0.685102
id = 43
name = 20160720_165644
focal_length = 0.825436
principle_point = 0.5 0.5
pixel_aspect_ratio = 1
camera_distortion = 0 0
translation = 0.184641 -1.85232 2.02582
rotation = 0.719382 -0.357009 0.595847 0.154172 0.918479 0.364182 -0.677289 -0.170123 0.715778
id = 44
name = 20160720_165647
focal_length = 0.838241
principle_point = 0.5 0.5
pixel_aspect_ratio = 1
camera_distortion = 0 0
translation = -0.079365 -2.03657 2.16218
rotation = 0.785778 0.0688511 0.614664 -0.184208 0.974738 0.126305 -0.590441 -0.212474 0.778611
id = 45
name = 20160720_165650
focal_length = 0.8393
principle_point = 0.5 0.5
pixel_aspect_ratio = 1
camera_distortion = 0 0
translation = -0.421547 -1.69453 2.12521
rotation = 0.677746 0.518215 0.521645 -0.52023 0.839306 -0.15788 -0.519635 -0.164373 0.838427
id = 46
name = 20160720_165653
focal_length = 0.824019
principle_point = 0.5 0.5
pixel_aspect_ratio = 1
camera_distortion = 0 0
translation = -0.253234 -1.51839 1.89073
rotation = 0.564032 0.727427 0.390791 -0.670683 0.679643 -0.297101 -0.481718 -0.0945229 0.871214
id = 47
name = 20160720_165656
focal_length = 0.823494
principle_point = 0.5 0.5
pixel_aspect_ratio = 1
camera_distortion = 0 0
translation = 0.0914578 -1.67529 1.95559
rotation = 0.390439 0.876871 0.280453 -0.799843 0.473933 -0.368292 -0.455861 -0.0805226 0.886401
id = 48
name = 20160720_165700
focal_length = 0.83011
principle_point = 0.5 0.5
pixel_aspect_ratio = 1
camera_distortion = 0 0
translation = -0.0417158 -1.85334 1.94274
rotation = 0.114346 0.992247 0.0486912 -0.922163 0.124245 -0.366305 -0.369514 -0.00301568 0.92922
id = 49
name = 20160720_165704
focal_length = 0.832809
principle_point = 0.5 0.5
pixel_aspect_ratio = 1
camera_distortion = 0 0
translation = -0.656517 -1.78372 1.77726
rotation = -0.382509 0.863376 -0.329042 -0.860387 -0.462648 -0.213754 -0.336781 0.201341 0.919805
id = 50
name = 20160720_165707
focal_length = 0.835674
principle_point = 0.5 0.5
pixel_aspect_ratio = 1
camera_distortion = 0 0
translation = -0.548667 -1.55271 1.53679
rotation = -0.586682 0.656863 -0.473641 -0.694293 -0.709046 -0.123335 -0.416847 0.256487 0.872039
id = 51
name = 20160720_165710
focal_length = 0.827521
principle_point = 0.5 0.5
pixel_aspect_ratio = 1
camera_distortion = 0 0
translation = 0.0576565 -1.58787 1.52411
rotation = -0.577784 0.623288 -0.526952 -0.685684 -0.72088 -0.100841 -0.442722 0.303057 0.843892
id = 52
name = 20160720_165714
focal_length = 0.827025
principle_point = 0.5 0.5
pixel_aspect_ratio = 1
camera_distortion = 0 0
translation = 0.190462 -1.60517 1.26098
rotation = -0.772437 0.269677 -0.574991 -0.356186 -0.93353 0.040661 -0.525806 0.236212 0.817148
id = 53
name = 20160720_165718
focal_length = 0.834177
principle_point = 0.5 0.5
pixel_aspect_ratio = 1
camera_distortion = 0 0
translation = -0.10712 -1.95591 1.70592
rotation = -0.751224 -0.360284 -0.553044 0.0762568 -0.879649 0.469471 -0.655628 0.310504 0.688288
id = 54
name = 20160720_165722
focal_length = 0.831123
principle_point = 0.5 0.5
pixel_aspect_ratio = 1
camera_distortion = 0 0
translation = -0.517604 -1.69544 1.83064
rotation = -0.543137 -0.743398 -0.390336 0.371962 -0.629806 0.6819 -0.752759 0.225175 0.618587
id = 55
name = 20160720_165725
focal_length = 0.820637
principle_point = 0.5 0.5
pixel_aspect_ratio = 1
camera_distortion = 0 0
translation = 0.259413 -1.68686 1.87706
rotation = -0.512083 -0.76272 -0.395006 0.380229 -0.613658 0.69199 -0.770193 0.204163 0.604252
id = 56
name = 20160720_165728
focal_length = 0.818372
principle_point = 0.5 0.5
pixel_aspect_ratio = 1
camera_distortion = 0 0
translation = 0.325518 -1.79983 1.89353
rotation = -0.204131 -0.970727 -0.126574 0.549093 -0.220579 0.806128 -0.810449 0.0950552 0.578046
id = 57
name = 20160720_165731
focal_length = 0.839839
principle_point = 0.5 0.5
pixel_aspect_ratio = 1
camera_distortion = 0 0
translation = -0.364163 -1.77461 1.85951
rotation = 0.35666 -0.875676 0.325552 0.519134 0.475483 0.710223 -0.77672 -0.0843032 0.624179
id = 58
name = 20160720_165733
focal_length = 0.830938
principle_point = 0.5 0.5
pixel_aspect_ratio = 1
camera_distortion = 0 0
translation = -0.633913 -1.62814 1.6379
rotation = 0.594774 -0.637479 0.48976 0.396408 0.76259 0.511193 -0.69936 -0.1099 0.70627
id = 59
name = 20160720_165737
focal_length = 0.839385
principle_point = 0.5 0.5
pixel_aspect_ratio = 1
camera_distortion = 0 0
translation = -0.314984 -1.60034 1.81464
rotation = 0.646744 -0.586323 0.487798 0.303489 0.784581 0.540672 -0.699726 -0.201635 0.685366
id = 60
name = 20160720_165740
focal_length = 0.825233
principle_point = 0.5 0.5
pixel_aspect_ratio = 1
camera_distortion = 0 0
translation = 0.00261482 -1.7699 1.90464
rotation = 0.726367 -0.439321 0.528572 0.195214 0.869245 0.454207 -0.659001 -0.226737 0.717153
id = 61
name = 20160720_165743
focal_length = 0.838107
principle_point = 0.5 0.5
pixel_aspect_ratio = 1
camera_distortion = 0 0
translation = 0.256339 -1.72291 1.58531
rotation = 0.786088 -0.113094 0.60768 0.0127061 0.985868 0.167042 -0.617984 -0.123588 0.776416
id = 62
name = 20160720_165752
focal_length = 0.8504
principle_point = 0.5 0.5
pixel_aspect_ratio = 1
camera_distortion = 0 0
translation = 1.74379 -1.82156 1.34539
rotation = 0.714025 0.0425424 -0.698826 0.0775154 0.987212 0.1393 0.695815 -0.153633 0.701597
id = 63
name = 20160720_165755
focal_length = 0.835554
principle_point = 0.5 0.5
pixel_aspect_ratio = 1
camera_distortion = 0 0
translation = 1.19981 -2.14471 0.893902
rotation = 0.890806 0.159084 -0.425626 -0.0730961 0.974681 0.211316 0.448466 -0.15713 0.87988
id = 64
name = 20160720_165800
focal_length = 0.847021
principle_point = 0.5 0.5
pixel_aspect_ratio = 1
camera_distortion = 0 0
translation = 0.451659 -2.36335 0.462302
rotation = 0.9588 0.213438 0.187474 -0.243307 0.957631 0.154092 -0.146642 -0.193357 0.970108
id = 65
name = 20160720_165803
focal_length = 0.847737
principle_point = 0.5 0.5
pixel_aspect_ratio = 1
camera_distortion = 0 0
translation = -0.164284 -2.35129 0.233365
rotation = 0.774142 0.0947467 0.625881 -0.242557 0.957668 0.155042 -0.584697 -0.271836 0.764352
id = 66
name = 20160720_165808
focal_length = 0.84929
principle_point = 0.5 0.5
pixel_aspect_ratio = 1
camera_distortion = 0 0
translation = -0.561672 -2.34666 0.404129
rotation = 0.493352 0.0132809 0.869729 -0.222579 0.968521 0.111468 -0.84087 -0.248577 0.480778
id = 67
name = 20160720_165811
focal_length = 0.842662
principle_point = 0.5 0.5
pixel_aspect_ratio = 1
camera_distortion = 0 0
translation = -1.27986 -2.06551 0.522606
rotation = 0.29596 0.0995384 0.95 -0.200973 0.978782 -0.0399436 -0.933819 -0.179103 0.309684
id = 68
name = 20160720_165814
focal_length = 0.860789
principle_point = 0.5 0.5
pixel_aspect_ratio = 1
camera_distortion = 0 0
translation = -1.57651 -1.98336 0.627465
rotation = 0.0874965 0.0323862 0.995638 -0.11186 0.993469 -0.0224854 -0.989864 -0.109405 0.0905479
id = 69
name = 20160720_165817
focal_length = 0.835952
principle_point = 0.5 0.5
pixel_aspect_ratio = 1
camera_distortion = 0 0
translation = -1.53989 -1.49696 0.293506
rotation = 0.115156 0.081351 0.990011 0.236997 0.96561 -0.106913 -0.964661 0.246941 0.0919161
id = 70
name = 20160720_165820
focal_length = 0.82475
principle_point = 0.5 0.5
pixel_aspect_ratio = 1
camera_distortion = 0 0
translation = 1.40068 -2.6648 1.08947
rotation = 0.475134 -0.729917 0.491395 -0.093684 0.513321 0.853068 -0.874912 -0.451357 0.175514
id = 71
name = 20160720_165826
focal_length = 0.830411
principle_point = 0.5 0.5
pixel_aspect_ratio = 1
camera_distortion = 0 0
translation = 0.0980837 -2.61121 1.14421
rotation = 0.810255 0.0891178 0.579263 -0.345449 0.87105 0.349195 -0.473447 -0.483043 0.736558
id = 72
name = 20160720_165828
focal_length = 0.833554
principle_point = 0.5 0.5
pixel_aspect_ratio = 1
camera_distortion = 0 0
translation = -0.0375916 -2.83868 1.6768
rotation = 0.78286 0.0888192 0.615825 -0.466426 0.738839 0.486378 -0.411796 -0.668003 0.619835
id = 73
name = 20160720_165830
focal_length = 0.835967
principle_point = 0.5 0.5
pixel_aspect_ratio = 1
camera_distortion = 0 0
translation = -0.178948 -3.01531 2.05283
rotation = 0.772673 0.0975134 0.62727 -0.538568 0.623772 0.566439 -0.336038 -0.7755 0.534489
id = 74
name = 20160720_165833
focal_length = 0.835405
principle_point = 0.5 0.5
pixel_aspect_ratio = 1
camera_distortion = 0 0
translation = -0.00297133 -2.93569 2.45339
rotation = 0.809423 0.0820073 0.581472 -0.547545 0.463222 0.696865 -0.212202 -0.88244 0.419845
id = 75
name = 20160720_165836
focal_length = 0.8398
principle_point = 0.5 0.5
pixel_aspect_ratio = 1
camera_distortion = 0 0
translation = -0.0437751 -2.98582 2.42478
rotation = 0.814622 0.114887 0.5685 -0.560749 0.406402 0.721386 -0.148162 -0.906443 0.395486
id = 76
name = 20160720_165844
focal_length = 0.807323
principle_point = 0.5 0.5
pixel_aspect_ratio = 1
camera_distortion = 0 0
translation = -0.262976 -1.11813 3.49265
rotation = 0.785764 0.152051 0.599546 -0.544851 -0.288649 0.787286 0.292766 -0.945284 -0.143965
id = 77
name = 20160720_165857
focal_length = 0.837681
principle_point = 0.5 0.5
pixel_aspect_ratio = 1
camera_distortion = 0 0
translation = -1.08648 -2.75035 1.76456
rotation = 0.600098 0.698131 0.390507 -0.772216 0.378211 0.510527 0.208721 -0.607922 0.766072
id = 78
name = 20160720_165910
focal_length = 0.813945
principle_point = 0.5 0.5
pixel_aspect_ratio = 1
camera_distortion = 0 0
translation = 1.40396 -2.25048 2.06606
rotation = 0.505085 -0.745265 0.435281 -0.516606 0.142952 0.844206 -0.691381 -0.651264 -0.312805
id = 79
name = 20160720_165919
focal_length = 0
principle_point = 0.5 0.5
pixel_aspect_ratio = 1
camera_distortion = 0 0
translation = 0 0 0
rotation = 1 0 0 0 1 0 0 0 1
id = 80
name = 20160720_165920
focal_length = 0.805555
principle_point = 0.5 0.5
pixel_aspect_ratio = 1
camera_distortion = 0 0
translation = 1.45321 -2.34745 2.92376
rotation = 0.506071 -0.752857 0.420831 -0.447477 0.187934 0.874325 -0.737331 -0.630783 -0.241778
id = 81
name = 20160720_165923
focal_length = 0.834946
principle_point = 0.5 0.5
pixel_aspect_ratio = 1
camera_distortion = 0 0
translation = -1.1207 -2.21755 3.07112
rotation = 0.642842 -0.581418 0.498706 -0.475926 0.206978 0.854784 -0.600208 -0.786838 -0.143658
id = 82
name = 20160720_165929
focal_length = 0.834697
principle_point = 0.5 0.5
pixel_aspect_ratio = 1
camera_distortion = 0 0
translation = 2.24375 -1.93781 0.433861
rotation = 0.503743 -0.632601 -0.588268 0.750763 -0.0162554 0.660371 -0.427314 -0.774307 0.466745
id = 83
name = 20160720_165932
focal_length = 0.829504
principle_point = 0.5 0.5
pixel_aspect_ratio = 1
camera_distortion = 0 0
translation = 1.12411 -2.26784 0.71402
rotation = 0.449728 -0.820741 -0.352319 0.609019 -0.00675066 0.793127 -0.65333 -0.571261 0.496811
id = 84
name = 20160720_165934
focal_length = 0.823449
principle_point = 0.5 0.5
pixel_aspect_ratio = 1
camera_distortion = 0 0
translation = 0.525063 -2.26957 0.595051
rotation = 0.344249 -0.93061 -0.124326 0.579835 0.106581 0.807733 -0.738434 -0.35015 0.576291
id = 85
name = 20160720_165937
focal_length = 0.832213
principle_point = 0.5 0.5
pixel_aspect_ratio = 1
camera_distortion = 0 0
translation = 0.162327 -2.37272 0.752011
rotation = 0.105968 -0.994339 -0.00778528 0.568079 0.0541112 0.821193 -0.816123 -0.0914426 0.570597
id = 86
name = 20160720_165940
focal_length = 0.833993
principle_point = 0.5 0.5
pixel_aspect_ratio = 1
camera_distortion = 0 0
translation = -0.370786 -2.16366 0.557713
rotation = -0.229734 -0.925451 0.301267 0.624687 0.0971555 0.774808 -0.746317 0.366197 0.555797
id = 87
name = 20160720_165943
focal_length = 0.837408
principle_point = 0.5 0.5
pixel_aspect_ratio = 1
camera_distortion = 0 0
translation = -0.580059 -2.25037 0.491136
rotation = -0.372662 -0.864129 0.338236 0.57296 0.0724504 0.816375 -0.729959 0.498028 0.468112
id = 88
name = 20160720_165946
focal_length = 0.827959
principle_point = 0.5 0.5
pixel_aspect_ratio = 1
camera_distortion = 0 0
translation = -1.1507 -2.35446 1.23483
rotation = -0.471093 -0.701547 0.5347 0.508173 0.279624 0.814599 -0.720994 0.655472 0.224778
id = 89
name = 20160720_165948
focal_length = 0.83228
principle_point = 0.5 0.5
pixel_aspect_ratio = 1
camera_distortion = 0 0
translation = -1.67546 -2.2818 1.32262
rotation = -0.51537 -0.557615 0.650738 0.573722 0.339562 0.745346 -0.636582 0.757472 0.144916
id = 90
name = 20160720_165951
focal_length = 0.810502
principle_point = 0.5 0.5
pixel_aspect_ratio = 1
camera_distortion = 0 0
translation = -1.91311 -2.31924 0.778385
rotation = -0.523977 -0.546817 0.653023 0.627111 0.27113 0.730219 -0.57635 0.792136 0.200849
id = 91
name = 20160720_165953
focal_length = 0.842963
principle_point = 0.5 0.5
pixel_aspect_ratio = 1
camera_distortion = 0 0
translation = -1.49986 -2.21889 0.674875
rotation = -0.55029 -0.632079 0.545579 0.552748 0.213966 0.805411 -0.62582 0.744778 0.231637
id = 92
name = 20160720_165957
focal_length = 0.839191
principle_point = 0.5 0.5
pixel_aspect_ratio = 1
camera_distortion = 0 0
translation = 0.233213 -2.04355 0.366527
rotation = 0.0248181 -0.999674 0.00595134 0.508869 0.0177571 0.860661 -0.860486 -0.0183315 0.509144
id = 93
name = 20160720_170000
focal_length = 0.845967
principle_point = 0.5 0.5
pixel_aspect_ratio = 1
camera_distortion = 0 0
translation = 0.184807 -2.57755 0.936309
rotation = -0.0108273 -0.998509 0.053511 0.304424 0.0476823 0.951342 -0.952475 0.0265905 0.303454
id = 94
name = 20160720_170002
focal_length = 0.84924
principle_point = 0.5 0.5
pixel_aspect_ratio = 1
camera_distortion = 0 0
translation = 0.200943 -2.80999 1.61956
rotation = 0.0186596 -0.99945 0.0274041 -0.0133289 0.0271578 0.999542 -0.999737 -0.0190163 -0.0128148
id = 95
name = 20160720_170005
focal_length = 0.867598
principle_point = 0.5 0.5
pixel_aspect_ratio = 1
camera_distortion = 0 0
translation = 0.286669 -2.66952 2.2734
rotation = 0.0828356 -0.996114 -0.0299349 -0.303721 -0.0538434 0.951238 -0.949153 -0.0697045 -0.307001
id = 96
name = 20160720_170021
focal_length = 0.858864
principle_point = 0.5 0.5
pixel_aspect_ratio = 1
camera_distortion = 0 0
translation = 0.205849 -2.62178 2.25834
rotation = 0.0949218 -0.995462 -0.00678205 -0.364397 -0.0410853 0.930337 -0.926393 -0.0858379 -0.366643
id = 97
name = 20160720_170025
focal_length = 0.880403
principle_point = 0.5 0.5
pixel_aspect_ratio = 1
camera_distortion = 0 0
translation = 0.313085 -3.02047 1.93947
rotation = 0.121518 -0.992019 -0.0336447 -0.239518 -0.0622004 0.968897 -0.963257 -0.10968 -0.245165
id = 98
name = 20160720_170031
focal_length = 0.884359
principle_point = 0.5 0.5
pixel_aspect_ratio = 1
camera_distortion = 0 0
translation = 1.48206 -2.48016 2.17979
rotation = -0.40702 -0.805066 -0.431512 -0.424288 -0.25172 0.869837 -0.808897 0.537127 -0.239125
id = 99
name = 20160720_170039
focal_length = 0.857161
principle_point = 0.5 0.5
pixel_aspect_ratio = 1
camera_distortion = 0 0
translation = -1.01692 -2.63363 2.07014
rotation = 0.568106 -0.684807 0.456393 -0.272667 0.366622 0.889517 -0.776471 -0.629784 0.021556
id = 100
name = 20160720_170048
focal_length = 0.822788
principle_point = 0.5 0.5
pixel_aspect_ratio = 1
camera_distortion = 0 0
translation = 0.807567 -2.49955 2.16733
rotation = -0.508243 -0.756858 -0.41092 -0.271041 -0.312322 0.91049 -0.817451 0.574126 -0.0464042
id = 101
name = 20160720_170055
focal_length = 0.82703
principle_point = 0.5 0.5
pixel_aspect_ratio = 1
camera_distortion = 0 0
translation = 0.957605 -2.4669 2.7293
rotation = -0.582398 -0.68662 -0.435161 -0.497824 -0.121938 0.858663 -0.642638 0.716717 -0.2708
id = 102
name = 20160720_170100
focal_length = 0.831619
principle_point = 0.5 0.5
pixel_aspect_ratio = 1
camera_distortion = 0 0
translation = 0.102884 -2.32385 2.6317
rotation = -0.496812 -0.768761 -0.402722 -0.445688 -0.172171 0.878476 -0.744675 0.615925 -0.257091
id = 103
name = 20160720_170107
focal_length = 0.830813
principle_point = 0.5 0.5
pixel_aspect_ratio = 1
camera_distortion = 0 0
translation = -1.03215 -2.54988 2.63173
rotation = -0.537216 -0.760654 -0.364424 -0.327563 -0.209996 0.921197 -0.777239 0.614254 -0.136349
id = 104
name = 20160720_170117
focal_length = 0.837803
principle_point = 0.5 0.5
pixel_aspect_ratio = 1
camera_distortion = 0 0
translation = 1.76074 -1.825 0.621272
rotation = 0.144137 -0.10879 -0.983559 -0.0200835 -0.994055 0.107007 -0.989354 0.00432955 -0.145465
id = 105
name = 20160720_170120
focal_length = 0.831624
principle_point = 0.5 0.5
pixel_aspect_ratio = 1
camera_distortion = 0 0
translation = 1.14082 -2.04921 0.55908
rotation = -0.125313 -0.226309 -0.965961 -0.102176 -0.965515 0.23946 -0.986842 0.128705 0.097868
id = 106
name = 20160720_170126
focal_length = 0.838172
principle_point = 0.5 0.5
pixel_aspect_ratio = 1
camera_distortion = 0 0
translation = 0.24868 -2.28322 0.273936
rotation = -0.285521 -0.457216 -0.842278 -0.02562 -0.874907 0.483613 -0.95803 0.159661 0.238091
id = 107
name = 20160720_170130
focal_length = 0.848543
principle_point = 0.5 0.5
pixel_aspect_ratio = 1
camera_distortion = 0 0
translation = -0.0983811 -2.18175 0.44107
rotation = -0.619814 -0.381348 -0.68586 0.0531648 -0.892384 0.448133 -0.782946 0.241296 0.573387
id = 108
name = 20160720_170134
focal_length = 0.848372
principle_point = 0.5 0.5
pixel_aspect_ratio = 1
camera_distortion = 0 0
translation = 0.346171 -2.3034 0.523741
rotation = -0.766517 0.0696565 -0.638436 -0.280935 -0.93031 0.235794 -0.577518 0.360099 0.732667
id = 109
name = 20160720_170141
focal_length = 0.843412
principle_point = 0.5 0.5
pixel_aspect_ratio = 1
camera_distortion = 0 0
translation = -0.964945 -1.91028 0.0778567
rotation = -0.976767 -0.0666102 -0.20369 0.0253934 -0.979747 0.198624 -0.212795 0.188837 0.958676
id = 110
name = 20160720_170146
focal_length = 0.849411
principle_point = 0.5 0.5
pixel_aspect_ratio = 1
camera_distortion = 0 0
translation = -1.47549 -1.85462 0.659733
rotation = -0.990379 -0.0880151 0.106781 0.114329 -0.955176 0.27307 0.0779606 0.282651 0.95605
id = 111
name = 20160720_170150
focal_length = 0.837742
principle_point = 0.5 0.5
pixel_aspect_ratio = 1
camera_distortion = 0 0
translation = -2.22741 -1.58809 0.967442
rotation = -0.907802 -0.161927 0.386879 0.257983 -0.942894 0.210704 0.330667 0.291086 0.897735
id = 112
name = 20160720_170156
focal_length = 0.827498
principle_point = 0.5 0.5
pixel_aspect_ratio = 1
camera_distortion = 0 0
translation = 1.35929 -2.30949 2.2276
rotation = -0.496152 0.735801 -0.460902 -0.749119 -0.0944232 0.655671 0.438924 0.670583 0.598051
id = 113
name = 20160720_170202
focal_length = 0.833824
principle_point = 0.5 0.5
pixel_aspect_ratio = 1
camera_distortion = 0 0
translation = 0.74502 -2.41222 2.42587
rotation = -0.707083 0.320326 -0.630416 -0.702978 -0.221954 0.675691 0.0765184 0.920938 0.382122
id = 114
name = 20160720_170207
focal_length = 0.842182
principle_point = 0.5 0.5
pixel_aspect_ratio = 1
camera_distortion = 0 0
translation = 0.0219554 -2.59659 2.09193
rotation = -0.800623 -0.0338983 -0.598209 -0.549788 -0.35534 0.755954 -0.238193 0.934123 0.265856
id = 115
name = 20160720_170213
focal_length = 0.838046
principle_point = 0.5 0.5
pixel_aspect_ratio = 1
camera_distortion = 0 0
translation = -0.845174 -2.54604 1.92653
rotation = -0.660352 -0.553991 -0.506981 -0.399405 -0.31261 0.86183 -0.635933 0.771601 -0.0148344
id = 116
name = 20160720_170216
focal_length = 0.831124
principle_point = 0.5 0.5
pixel_aspect_ratio = 1
camera_distortion = 0 0
translation = -0.879901 -2.60757 1.47067
rotation = -0.33618 -0.793364 -0.507501 -0.467289 -0.327344 0.821272 -0.817695 0.513244 -0.260684
id = 117
name = 20160720_170220
focal_length = 0.854696
principle_point = 0.5 0.5
pixel_aspect_ratio = 1
camera_distortion = 0 0
translation = 0.254067 -1.8349 -0.0341855
rotation = -0.75162 -0.0281464 -0.658996 -0.160564 -0.961228 0.224187 -0.639755 0.274314 0.717959
id = 118
name = 20160720_170223
focal_length = 0.852589
principle_point = 0.5 0.5
pixel_aspect_ratio = 1
camera_distortion = 0 0
translation = 0.0811681 -2.38124 0.195262
rotation = -0.75437 -0.111614 -0.646891 -0.21687 -0.887735 0.406071 -0.619591 0.446619 0.645475
id = 119
name = 20160720_170228
focal_length = 0.841338
principle_point = 0.5 0.5
pixel_aspect_ratio = 1
camera_distortion = 0 0
translation = -0.0606211 -2.72506 1.46722
rotation = -0.753586 -0.14353 -0.641488 -0.45863 -0.584308 0.669509 -0.470922 0.798738 0.374499
id = 120
name = 20160720_170231
focal_length = 0.835615
principle_point = 0.5 0.5
pixel_aspect_ratio = 1
camera_distortion = 0 0
translation = 0.0153444 -2.75648 2.20969
rotation = -0.788202 -0.0974725 -0.607648 -0.554458 -0.31598 0.769892 -0.267048 0.943746 0.195012
id = 121
name = 20160720_170239
focal_length = 0.841531
principle_point = 0.5 0.5
pixel_aspect_ratio = 1
camera_distortion = 0 0
translation = 1.40615 -0.887236 3.24268
rotation = 0.516812 -0.33241 -0.788929 -0.852072 -0.289007 -0.436404 -0.0829412 0.897763 -0.432599
id = 122
name = 20160720_170243
focal_length = 0.84026
principle_point = 0.5 0.5
pixel_aspect_ratio = 1
camera_distortion = 0 0
translation = -0.569792 -2.71617 1.83622
rotation = -0.682967 -0.448633 -0.576441 -0.492436 -0.300077 0.816982 -0.539502 0.841833 -0.0159809
id = 123
name = 20160720_170247
focal_length = 0.844383
principle_point = 0.5 0.5
pixel_aspect_ratio = 1
camera_distortion = 0 0
translation = 1.43459 -2.5934 0.563369
rotation = -0.566918 0.658492 -0.494968 -0.82129 -0.498438 0.277567 -0.0639349 0.563869 0.823385
id = 124
name = 20160720_170306
focal_length = 0.823093
principle_point = 0.5 0.5
pixel_aspect_ratio = 1
camera_distortion = 0 0
translation = 0.813899 -2.37236 2.92915
rotation = -0.572784 0.649319 -0.500303 -0.706324 -0.0812419 0.703212 0.415963 0.756164 0.505163
id = 125
name = 20160720_170312
focal_length = 0.831028
principle_point = 0.5 0.5
pixel_aspect_ratio = 1
camera_distortion = 0 0
translation = -0.0177317 -2.14228 3.17599
rotation = -0.615836 0.610006 -0.498636 -0.660463 -0.0546281 0.748869 0.429575 0.790511 0.436528
id = 126
name = 20160720_170318
focal_length = 0.820356
principle_point = 0.5 0.5
pixel_aspect_ratio = 1
camera_distortion = 0 0
translation = -1.06905 -2.13311 3.22781
rotation = -0.52155 0.745203 -0.415522 -0.701021 -0.0966523 0.706561 0.48637 0.659796 0.572812
id = 127
name = 20160720_170325
focal_length = 0.823362
principle_point = 0.5 0.5
pixel_aspect_ratio = 1
camera_distortion = 0 0
translation = -0.118488 -2.0041 4.64008
rotation = -0.581262 0.654019 -0.484143 -0.670086 -0.0471711 0.740783 0.461648 0.755006 0.465667
id = 128
name = 20160720_170332
focal_length = 0.827519
principle_point = 0.5 0.5
pixel_aspect_ratio = 1
camera_distortion = 0 0
translation = 1.47146 -2.01779 1.10883
rotation = 0.430957 0.285097 -0.856152 -0.895303 0.0165574 -0.44515 -0.112735 0.958356 0.262383
id = 129
name = 20160720_170334
focal_length = 0.829897
principle_point = 0.5 0.5
pixel_aspect_ratio = 1
camera_distortion = 0 0
translation = 1.34157 -2.23776 1.24385
rotation = 0.430382 0.445155 -0.785244 -0.901274 0.163957 -0.401029 -0.0497739 0.880315 0.47177
id = 130
name = 20160720_170337
focal_length = 0.835866
principle_point = 0.5 0.5
pixel_aspect_ratio = 1
camera_distortion = 0 0
translation = 0.764396 -2.40852 1.15278
rotation = 0.226235 0.839182 -0.494561 -0.962131 0.113257 -0.247947 -0.15206 0.531927 0.833025
id = 131
name = 20160720_170340
focal_length = 0.83921
principle_point = 0.5 0.5
pixel_aspect_ratio = 1
camera_distortion = 0 0
translation = 0.263086 -2.44586 1.131
rotation = 0.0417411 0.942309 -0.332132 -0.979861 -0.0263595 -0.197931 -0.195267 0.333705 0.922232
id = 132
name = 20160720_170343
focal_length = 0.836265
principle_point = 0.5 0.5
pixel_aspect_ratio = 1
camera_distortion = 0 0
translation = -0.272774 -2.43029 1.16046
rotation = -0.050546 0.994664 -0.0899307 -0.968901 -0.0706772 -0.237139 -0.24223 0.0751476 0.967304
id = 133
name = 20160720_170347
focal_length = 0.831384
principle_point = 0.5 0.5
pixel_aspect_ratio = 1
camera_distortion = 0 0
translation = -0.942836 -2.36618 1.49606
rotation = -0.185889 0.968191 0.167484 -0.974195 -0.159399 -0.159799 -0.128019 -0.192867 0.972838
id = 134
name = 20160720_170351
focal_length = 0.842685
principle_point = 0.5 0.5
pixel_aspect_ratio = 1
camera_distortion = 0 0
translation = -0.88913 -2.22432 1.21487
rotation = -0.291649 0.843884 0.450334 -0.931086 -0.142604 -0.335771 -0.219133 -0.517227 0.827319
id = 135
name = 20160720_170354
focal_length = 0.840624
principle_point = 0.5 0.5
pixel_aspect_ratio = 1
camera_distortion = 0 0
translation = -1.6213 -1.84581 0.708386
rotation = -0.47888 0.735746 0.478908 -0.817855 -0.175646 -0.547962 -0.319042 -0.654085 0.685846
id = 136
name = 20160720_170358
focal_length = 0.844457
principle_point = 0.5 0.5
pixel_aspect_ratio = 1
camera_distortion = 0 0
translation = -2.27924 -1.4958 0.926854
rotation = -0.665162 0.556264 0.498127 -0.709572 -0.263145 -0.653653 -0.232524 -0.788242 0.569744
id = 137
name = 20160720_170400
focal_length = 0.83628
principle_point = 0.5 0.5
pixel_aspect_ratio = 1
camera_distortion = 0 0
translation = -2.45206 -1.43571 1.11937
rotation = -0.718009 0.407243 0.564461 -0.678408 -0.228115 -0.698374 -0.155646 -0.884374 0.440066
id = 138
name = 20160720_170406
focal_length = 0.803797
principle_point = 0.5 0.5
pixel_aspect_ratio = 1
camera_distortion = 0 0
translation = 2.06279 -1.91053 0.351021
rotation = 0.849392 0.295898 0.437009 -0.484302 0.76606 0.422616 -0.209723 -0.570611 0.793989
id = 139
name = 20160720_170414
focal_length = 0.824629
principle_point = 0.5 0.5
pixel_aspect_ratio = 1
camera_distortion = 0 0
translation = 1.80506 -0.194575 0.786014
rotation = 0.970873 0.0853377 0.22388 -0.0880619 0.996113 0.00219324 -0.222823 -0.0218447 0.974614
id = 140
name = 20160720_170417
focal_length = 0.822185
principle_point = 0.5 0.5
pixel_aspect_ratio = 1
camera_distortion = 0 0
translation = 2.42254 0.012674 1.16161
rotation = 0.999958 -0.00443847 -0.00810757 0.00440492 0.999982 -0.00415154 0.00812586 0.00411565 0.999959
id = 141
name = 20160720_170420
focal_length = 0.833389
principle_point = 0.5 0.5
pixel_aspect_ratio = 1
camera_distortion = 0 0
translation = 2.53701 -0.571716 1.53258
rotation = 0.96936 0.179995 -0.167162 -0.204337 0.968541 -0.142036 0.136338 0.171841 0.975645
id = 142
name = 20160720_170429
focal_length = 0.840173
principle_point = 0.5 0.5
pixel_aspect_ratio = 1
camera_distortion = 0 0
translation = -0.224825 -1.21932 -1.15755
rotation = -0.0907321 0.995286 0.0342593 -0.569674 -0.0236541 -0.821531 -0.816847 -0.0940558 0.569134
id = 143
name = 20160720_170432
focal_length = 0.832783
principle_point = 0.5 0.5
pixel_aspect_ratio = 1
camera_distortion = 0 0
translation = 0.351384 -2.41278 -0.249916
rotation = 0.117497 0.99299 -0.012802 -0.877618 0.0977955 -0.469279 -0.464738 0.0663744 0.882957
id = 144
name = 20160720_170435
focal_length = 0.842122
principle_point = 0.5 0.5
pixel_aspect_ratio = 1
camera_distortion = 0 0
translation = 0.297962 -2.76102 1.4427
rotation = 0.116485 0.977858 -0.173854 -0.979232 0.14232 0.144389 0.165935 0.153424 0.974129
id = 145
name = 20160720_170442
focal_length = 0.85445
principle_point = 0.5 0.5
pixel_aspect_ratio = 1
camera_distortion = 0 0
translation = -0.498665 -2.44299 2.55132
rotation = -0.151536 0.978991 -0.136432 -0.779894 -0.033618 0.625007 0.60729 0.201114 0.768604
id = 146
name = 20160720_170446
focal_length = 0.843211
principle_point = 0.5 0.5
pixel_aspect_ratio = 1
camera_distortion = 0 0
translation = -0.471302 -1.85415 3.25766
rotation = -0.15228 0.970959 -0.184527 -0.539838 0.0746783 0.83845 0.82788 0.227294 0.512788
id = 147
name = 20160720_170451
focal_length = 0.853431
principle_point = 0.5 0.5
pixel_aspect_ratio = 1
camera_distortion = 0 0
translation = -0.254548 -1.80914 3.22587
rotation = -0.085258 0.993198 -0.079304 -0.480528 0.0287373 0.876508 0.872825 0.112837 0.474809
id = 148
name = 20160720_170454
focal_length = 0.814962
principle_point = 0.5 0.5
pixel_aspect_ratio = 1
camera_distortion = 0 0
translation = -0.123324 -2.905 2.54837
rotation = -0.0950913 0.995008 -0.0302891 -0.823194 -0.0614898 0.56442 0.55974 0.0786053 0.824932
id = 149
name = 20160720_170503
focal_length = 0.815733
principle_point = 0.5 0.5
pixel_aspect_ratio = 1
camera_distortion = 0 0
translation = 0.574395 -2.4205 3.4928
rotation = 0.502535 0.796644 0.335882 -0.73708 0.191735 0.648036 0.451853 -0.573233 0.683544
id = 150
name = 20160720_170509
focal_length = 0.850912
principle_point = 0.5 0.5
pixel_aspect_ratio = 1
camera_distortion = 0 0
translation = 0.0216359 -2.27658 3.09267
rotation = 0.567104 0.705742 0.424642 -0.706464 0.151737 0.691291 0.423439 -0.692029 0.584633
id = 151
name = 20160720_170514
focal_length = 0.795161
