MVE camera infos 1.1
camera_count = 250

focal_length = 4.169140
pixel_aspect = 1.000000
principal_point = 0.500000 0.500000
camera_distortion = 0.000000 0.000000
rotation = 0.484980 0.000000 0.874526 0.145065 -0.986146 -0.080448 0.862410 0.165879 -0.478261
translation = 8.895625 4.422630 20.503170
id = 0
name = 0000

focal_length = 5.721725
pixel_aspect = 1.000000
principal_point = 0.500000 0.500000
camera_distortion = 0.000000 0.000000
rotation = 0.204278 0.000000 -0.978913 0.207085 -0.977368 0.043214 -0.956758 -0.211546 -0.199655
translation = -6.191413 2.512511 36.382740
id = 1
name = 0001

focal_length = 2.583263
pixel_aspect = 1.000000
principal_point = 0.500000 0.500000
camera_distortion = 0.000000 0.000000
rotation = 0.107938 0.000000 -0.994158 0.405614 -0.912983 0.044038 -0.907649 -0.407998 -0.098545
translation = -3.708968 6.093906 19.148476
id = 2
name = 0002

focal_length = 3.552612
pixel_aspect = 1.000000
principal_point = 0.500000 0.500000
camera_distortion = 0.000000 0.000000
rotation = -0.640209 0.000000 0.768201 -0.423293 -0.834493 -0.352767 0.641058 -0.551019 0.534250
translation = -1.956877 -0.698176 25.190374
id = 3
name = 0003

focal_length = 2.638172
pixel_aspect = 1.000000
principal_point = 0.500000 0.500000
camera_distortion = 0.000000 0.000000
rotation = -0.105280 0.000000 -0.994443 0.321806 -0.946192 -0.034069 -0.940934 -0.323605 0.099615
translation = -2.941967 4.665657 58.996830
id = 4
name = 0004

focal_length = 2.780832
pixel_aspect = 1.000000
principal_point = 0.500000 0.500000
camera_distortion = 0.000000 0.000000
rotation = 0.061476 0.000000 0.998109 0.069131 -0.997598 -0.004258 0.995712 0.069262 -0.061328
translation = 3.817819 6.470058 43.229664
id = 5
name = 0005

focal_length = 5.801101
pixel_aspect = 1.000000
principal_point = 0.500000 0.500000
camera_distortion = 0.000000 0.000000
rotation = -0.378640 0.000000 -0.925544 0.795892 -0.510431 -0.325599 -0.472427 -0.859918 0.193270
translation = -1.841835 0.414961 14.622882
id = 6
name = 0006

focal_length = 2.189171
pixel_aspect = 1.000000
principal_point = 0.500000 0.500000
camera_distortion = 0.000000 0.000000
rotation = -0.484405 0.000000 -0.874844 -0.325343 -0.928278 0.180144 -0.812099 0.371887 0.449662
translation = -5.861384 7.193543 13.421709
id = 7
name = 0007

focal_length = 3.321665
pixel_aspect = 1.000000
principal_point = 0.500000 0.500000
camera_distortion = 0.000000 0.000000
rotation = -0.013338 0.000000 -0.999911 0.196237 -0.980553 -0.002618 -0.980466 -0.196255 0.013079
translation = -7.724854 6.164353 51.505978
id = 8
name = 0008

focal_length = 3.942578
pixel_aspect = 1.000000
principal_point = 0.500000 0.500000
camera_distortion = 0.000000 0.000000
rotation = 0.220342 -0.000000 -0.975423 -0.054231 -0.998453 -0.012250 -0.973914 0.055597 -0.220001
translation = -9.680611 5.455896 31.158203
id = 9
name = 0009

focal_length = 5.359044
pixel_aspect = 1.000000
principal_point = 0.500000 0.500000
camera_distortion = 0.000000 0.000000
rotation = -0.049234 0.000000 -0.998787 0.052807 -0.998601 -0.002603 -0.997390 -0.052871 0.049165
translation = -1.355973 5.150340 54.817833
id = 10
name = 0010

focal_length = 2.386490
pixel_aspect = 1.000000
principal_point = 0.500000 0.500000
camera_distortion = 0.000000 0.000000
rotation = -0.140685 0.000000 -0.990054 0.395054 -0.916941 -0.056136 -0.907821 -0.399023 0.129000
translation = -1.586878 3.855958 39.298576
id = 11
name = 0011

focal_length = 4.869902
pixel_aspect = 1.000000
principal_point = 0.500000 0.500000
camera_distortion = 0.000000 0.000000
rotation = -0.142669 0.000000 -0.989770 0.193282 -0.980748 -0.027860 -0.970715 -0.195279 0.139922
translation = -0.452973 6.156427 39.695412
id = 12
name = 0012

focal_length = 3.098375
pixel_aspect = 1.000000
principal_point = 0.500000 0.500000
camera_distortion = 0.000000 0.000000
rotation = -0.290882 -0.000000 -0.956759 0.544244 -0.822447 -0.165466 -0.786884 -0.568842 0.239235
translation = -2.828693 0.189149 34.592312
id = 13
name = 0013

focal_length = 4.674732
pixel_aspect = 1.000000
principal_point = 0.500000 0.500000
camera_distortion = 0.000000 0.000000
rotation = -0.031504 0.000000 0.999504 0.082428 -0.996594 0.002598 0.996099 0.082469 0.031396
translation = 3.951750 4.118322 33.177673
id = 14
name = 0014

focal_length = 2.420331
pixel_aspect = 1.000000
principal_point = 0.500000 0.500000
camera_distortion = 0.000000 0.000000
rotation = -0.134767 0.000000 -0.990877 0.228239 -0.973110 -0.031042 -0.964233 -0.230341 0.131143
translation = -5.535265 2.022916 49.815022
id = 15
name = 0015

focal_length = 5.322481
pixel_aspect = 1.000000
principal_point = 0.500000 0.500000
camera_distortion = 0.000000 0.000000
rotation = 0.024518 0.000000 -0.999699 0.297266 -0.954767 0.007291 -0.954480 -0.297355 -0.023409
translation = -7.422888 0.398493 35.356739
id = 16
name = 0016

focal_length = 2.428903
pixel_aspect = 1.000000
principal_point = 0.500000 0.500000
camera_distortion = 0.000000 0.000000
rotation = 0.318584 -0.000000 -0.947895 0.015777 -0.999861 0.005303 -0.947763 -0.016644 -0.318540
translation = -3.554220 2.729275 17.538517
id = 17
name = 0017

focal_length = 5.933417
pixel_aspect = 1.000000
principal_point = 0.500000 0.500000
camera_distortion = 0.000000 0.000000
rotation = 0.247937 0.000000 -0.968776 0.888763 -0.397949 0.227459 -0.385524 -0.917408 -0.098666
translation = -9.876547 -0.828025 18.704046
id = 18
name = 0018

focal_length = 3.777049
pixel_aspect = 1.000000
principal_point = 0.500000 0.500000
camera_distortion = 0.000000 0.000000
rotation = 0.179029 0.000000 0.983844 -0.429364 -0.899746 0.078131 0.885209 -0.436414 -0.161081
translation = 9.381248 6.336699 28.231852
id = 19
name = 0019

focal_length = 3.324477
pixel_aspect = 1.000000
principal_point = 0.500000 0.500000
camera_distortion = 0.000000 0.000000
rotation = -0.098093 0.000000 -0.995177 0.580798 -0.812032 -0.057248 -0.808116 -0.583613 0.079654
translation = -0.776837 1.125546 37.181118
id = 20
name = 0020

focal_length = 2.590720
pixel_aspect = 1.000000
principal_point = 0.500000 0.500000
camera_distortion = 0.000000 0.000000
rotation = -0.120241 -0.000000 -0.992745 0.278178 -0.959938 -0.033693 -0.952974 -0.280211 0.115424
translation = -4.396097 3.018115 47.879616
id = 21
name = 0021

focal_length = 4.209486
pixel_aspect = 1.000000
principal_point = 0.500000 0.500000
camera_distortion = 0.000000 0.000000
rotation = 0.069153 0.000000 -0.997606 0.117750 -0.993010 0.008162 -0.990633 -0.118033 -0.068669
translation = -5.115464 7.021741 43.058338
id = 22
name = 0022

focal_length = 5.632136
pixel_aspect = 1.000000
principal_point = 0.500000 0.500000
camera_distortion = 0.000000 0.000000
rotation = 0.102837 0.000000 -0.994698 0.392540 -0.918839 0.040583 -0.913968 -0.394633 -0.094491
translation = -6.366301 3.972532 27.751839
id = 23
name = 0023

focal_length = 5.243532
pixel_aspect = 1.000000
principal_point = 0.500000 0.500000
camera_distortion = 0.000000 0.000000
rotation = -0.181310 -0.000000 -0.983426 -0.030483 -0.999519 0.005620 -0.982953 0.030997 0.181223
translation = -0.620967 7.694161 46.507576
id = 24
name = 0024

focal_length = 2.137133
pixel_aspect = 1.000000
principal_point = 0.500000 0.500000
camera_distortion = 0.000000 0.000000
rotation = -0.957835 0.000000 0.287319 -0.285539 -0.111153 -0.951899 0.031937 -0.993803 0.106467
translation = 0.748051 0.069225 22.288620
id = 25
name = 0025

focal_length = 3.812177
pixel_aspect = 1.000000
principal_point = 0.500000 0.500000
camera_distortion = 0.000000 0.000000
rotation = -0.038063 0.000000 -0.999275 0.263220 -0.964684 -0.010026 -0.963985 -0.263410 0.036718
translation = -2.074172 6.419607 58.203869
id = 26
name = 0026

focal_length = 4.998082
pixel_aspect = 1.000000
principal_point = 0.500000 0.500000
camera_distortion = 0.000000 0.000000
rotation = -0.050238 -0.000000 -0.998737 0.693737 -0.719383 -0.034896 -0.718475 -0.694614 0.036140
translation = -2.227588 4.387318 14.579519
id = 27
name = 0027

focal_length = 3.360697
pixel_aspect = 1.000000
principal_point = 0.500000 0.500000
camera_distortion = 0.000000 0.000000
rotation = -0.079291 0.000000 -0.996852 0.470759 -0.881467 -0.037445 -0.878692 -0.472246 0.069893
translation = -5.663010 3.414091 39.430965
id = 28
name = 0028

focal_length = 3.175360
pixel_aspect = 1.000000
principal_point = 0.500000 0.500000
camera_distortion = 0.000000 0.000000
rotation = 0.137202 0.000000 -0.990543 0.603497 -0.792972 0.083592 -0.785473 -0.609259 -0.108798
translation = -7.781524 4.218580 28.646894
id = 29
name = 0029

focal_length = 4.787872
pixel_aspect = 1.000000
principal_point = 0.500000 0.500000
camera_distortion = 0.000000 0.000000
rotation = -0.217718 0.000000 -0.976012 0.445020 -0.890002 -0.099270 -0.868652 -0.455957 0.193769
translation = -4.068859 4.720131 43.195023
id = 30
name = 0030

focal_length = 2.487106
pixel_aspect = 1.000000
principal_point = 0.500000 0.500000
camera_distortion = 0.000000 0.000000
rotation = 0.008980 0.000000 -0.999960 -0.040394 -0.999184 -0.000363 -0.999143 0.040396 -0.008972
translation = -2.914654 4.509006 44.772408
id = 31
name = 0031

focal_length = 3.185441
pixel_aspect = 1.000000
principal_point = 0.500000 0.500000
camera_distortion = 0.000000 0.000000
rotation = -0.396818 -0.000000 -0.917897 -0.019115 -0.999783 0.008264 -0.917698 0.020825 0.396732
translation = -2.052591 8.073112 21.964176
id = 32
name = 0032

focal_length = 2.836043
pixel_aspect = 1.000000
principal_point = 0.500000 0.500000
camera_distortion = 0.000000 0.000000
rotation = -0.136712 0.000000 -0.990611 0.397990 -0.915744 -0.054926 -0.907146 -0.401762 0.125193
translation = -1.916372 8.449541 34.563042
id = 33
name = 0033

focal_length = 5.378683
pixel_aspect = 1.000000
principal_point = 0.500000 0.500000
camera_distortion = 0.000000 0.000000
rotation = -0.026535 -0.000000 -0.999648 -0.102414 -0.994738 0.002719 -0.994388 0.102450 0.026395
translation = -3.701497 7.281204 48.667160
id = 34
name = 0034

focal_length = 3.487856
pixel_aspect = 1.000000
principal_point = 0.500000 0.500000
camera_distortion = 0.000000 0.000000
rotation = 0.162176 0.000000 -0.986762 0.446229 -0.891909 0.073338 -0.880102 -0.452215 -0.144646
translation = -7.151304 0.490416 34.722076
id = 35
name = 0035

focal_length = 4.434762
pixel_aspect = 1.000000
principal_point = 0.500000 0.500000
camera_distortion = 0.000000 0.000000
rotation = -0.159168 0.000000 -0.987252 0.251067 -0.967123 -0.040478 -0.954794 -0.254309 0.153935
translation = -0.960750 8.413540 46.082405
id = 36
name = 0036

focal_length = 4.720815
pixel_aspect = 1.000000
principal_point = 0.500000 0.500000
camera_distortion = 0.000000 0.000000
rotation = 0.218272 0.000000 0.975888 -0.232062 -0.971315 0.051904 0.947895 -0.237796 -0.212011
translation = 5.747685 6.864979 27.059116
id = 37
name = 0037

focal_length = 5.943651
pixel_aspect = 1.000000
principal_point = 0.500000 0.500000
camera_distortion = 0.000000 0.000000
rotation = 0.014965 -0.000000 -0.999888 0.386079 -0.922448 0.005778 -0.922345 -0.386122 -0.013804
translation = -5.878010 0.659470 57.281582
id = 38
name = 0038

focal_length = 4.002521
pixel_aspect = 1.000000
principal_point = 0.500000 0.500000
camera_distortion = 0.000000 0.000000
rotation = -0.047567 -0.000000 -0.998868 0.183893 -0.982907 -0.008757 -0.981795 -0.184102 0.046754
translation = -3.778476 4.259538 43.673412
id = 39
name = 0039

focal_length = 3.028914
pixel_aspect = 1.000000
principal_point = 0.500000 0.500000
camera_distortion = 0.000000 0.000000
rotation = -0.465023 -0.000000 -0.885298 0.861990 -0.227953 -0.452780 -0.201807 -0.973672 0.106004
translation = -6.206359 -2.688950 20.348026
id = 40
name = 0040

focal_length = 4.871264
pixel_aspect = 1.000000
principal_point = 0.500000 0.500000
camera_distortion = 0.000000 0.000000
rotation = 0.225504 0.000000 -0.974242 0.498113 -0.859413 0.115296 -0.837277 -0.511282 -0.193801
translation = -5.564547 0.834478 38.654076
id = 41
name = 0041

focal_length = 5.339733
pixel_aspect = 1.000000
principal_point = 0.500000 0.500000
camera_distortion = 0.000000 0.000000
rotation = 0.104194 0.000000 0.994557 -0.208985 -0.977674 0.021894 0.972352 -0.210129 -0.101868
translation = 8.245111 6.579239 34.259296
id = 42
name = 0042

focal_length = 3.125060
pixel_aspect = 1.000000
principal_point = 0.500000 0.500000
camera_distortion = 0.000000 0.000000
rotation = 0.073591 0.000000 -0.997289 0.308501 -0.950952 0.022765 -0.948373 -0.309340 -0.069981
translation = -5.900859 1.352533 34.167408
id = 43
name = 0043

focal_length = 3.588025
pixel_aspect = 1.000000
principal_point = 0.500000 0.500000
camera_distortion = 0.000000 0.000000
rotation = -0.159287 0.000000 -0.987232 0.029739 -0.999546 -0.004798 -0.986784 -0.030123 0.159215
translation = -2.858600 0.169675 28.112654
id = 44
name = 0044

focal_length = 2.308345
pixel_aspect = 1.000000
principal_point = 0.500000 0.500000
camera_distortion = 0.000000 0.000000
rotation = -0.006398 0.000000 -0.999979 -0.197551 -0.980292 0.001264 -0.980272 0.197555 0.006272
translation = -5.359652 7.232759 18.894390
id = 45
name = 0045

focal_length = 5.824638
pixel_aspect = 1.000000
principal_point = 0.500000 0.500000
camera_distortion = 0.000000 0.000000
rotation = -0.271526 0.000000 0.962431 -0.368467 -0.923810 -0.103954 0.889104 -0.382850 0.250839
translation = 1.943328 -0.893842 36.696037
id = 46
name = 0046

focal_length = 2.496864
pixel_aspect = 1.000000
principal_point = 0.500000 0.500000
camera_distortion = 0.000000 0.000000
rotation = 0.039468 0.000000 0.999221 -0.961706 -0.271437 0.037986 0.271226 -0.962456 -0.010713
translation = 6.585630 -3.818354 25.534609
id = 47
name = 0047

focal_length = 2.930172
pixel_aspect = 1.000000
principal_point = 0.500000 0.500000
camera_distortion = 0.000000 0.000000
rotation = -0.127597 -0.000000 -0.991826 0.101849 -0.994713 -0.013103 -0.986583 -0.102689 0.126923
translation = 0.372240 5.406036 51.952145
id = 48
name = 0048

focal_length = 4.723346
pixel_aspect = 1.000000
principal_point = 0.500000 0.500000
camera_distortion = 0.000000 0.000000
rotation = 0.029989 -0.000000 -0.999550 0.184276 -0.982859 0.005529 -0.982417 -0.184359 -0.029475
translation = -3.609750 1.915482 39.501488
id = 49
name = 0049

focal_length = 2.951560
pixel_aspect = 1.000000
principal_point = 0.500000 0.500000
camera_distortion = 0.000000 0.000000
rotation = 0.133806 0.000000 0.991007 -0.033971 -0.999412 0.004587 0.990425 -0.034279 -0.133728
translation = 7.229680 6.506865 20.152950
id = 50
name = 0050

focal_length = 3.831013
pixel_aspect = 1.000000
principal_point = 0.500000 0.500000
camera_distortion = 0.000000 0.000000
rotation = -0.002176 0.000000 -0.999998 0.240932 -0.970542 -0.000524 -0.970540 -0.240933 0.002111
translation = -8.590621 2.595453 55.652813
id = 51
name = 0051

focal_length = 4.720235
pixel_aspect = 1.000000
principal_point = 0.500000 0.500000
camera_distortion = 0.000000 0.000000
rotation = -0.192422 0.000000 0.981312 -0.560630 -0.820737 -0.109932 0.805399 -0.571306 0.157928
translation = 7.180597 2.318941 32.505657
id = 52
name = 0052

focal_length = 5.385591
pixel_aspect = 1.000000
principal_point = 0.500000 0.500000
camera_distortion = 0.000000 0.000000
rotation = 0.360306 0.000000 -0.932834 0.390552 -0.908137 0.150850 -0.847141 -0.418673 -0.327207
translation = -9.483576 1.113505 23.247742
id = 53
name = 0053

focal_length = 4.965381
pixel_aspect = 1.000000
principal_point = 0.500000 0.500000
camera_distortion = 0.000000 0.000000
rotation = 0.027936 0.000000 -0.999610 0.541919 -0.840294 0.015145 -0.839966 -0.542131 -0.023475
translation = -7.511876 1.610272 26.233101
id = 54
name = 0054

focal_length = 2.103548
pixel_aspect = 1.000000
principal_point = 0.500000 0.500000
camera_distortion = 0.000000 0.000000
rotation = 0.112259 -0.000000 0.993679 -0.839420 -0.535147 0.094831 0.531764 -0.844759 -0.060075
translation = 5.900548 3.883627 23.487358
id = 55
name = 0055

focal_length = 2.779354
pixel_aspect = 1.000000
principal_point = 0.500000 0.500000
camera_distortion = 0.000000 0.000000
rotation = -0.370658 0.000000 -0.928770 0.075600 -0.996682 -0.030171 -0.925688 -0.081398 0.369428
translation = -1.896395 3.212475 27.412706
id = 56
name = 0056

focal_length = 2.556932
pixel_aspect = 1.000000
principal_point = 0.500000 0.500000
camera_distortion = 0.000000 0.000000
rotation = 0.169282 0.000000 -0.985568 0.314405 -0.947752 0.054003 -0.934073 -0.319009 -0.160437
translation = -7.181707 2.610476 45.524277
id = 57
name = 0057

focal_length = 2.932236
pixel_aspect = 1.000000
principal_point = 0.500000 0.500000
camera_distortion = 0.000000 0.000000
rotation = 0.200768 0.000000 -0.979639 0.181360 -0.982714 0.037168 -0.962705 -0.185129 -0.197298
translation = -4.105433 2.069089 31.179251
id = 58
name = 0058

focal_length = 5.337400
pixel_aspect = 1.000000
principal_point = 0.500000 0.500000
camera_distortion = 0.000000 0.000000
rotation = -0.181363 0.000000 0.983416 -0.679747 -0.722654 -0.125360 0.710670 -0.691210 0.131062
translation = 7.374121 -0.282896 29.876884
id = 59
name = 0059

focal_length = 5.162171
pixel_aspect = 1.000000
principal_point = 0.500000 0.500000
camera_distortion = 0.000000 0.000000
rotation = -0.312501 0.000000 -0.949917 0.551131 -0.814482 -0.181310 -0.773691 -0.580189 0.254527
translation = -0.083779 0.421345 30.401888
id = 60
name = 0060

focal_length = 3.101704
pixel_aspect = 1.000000
principal_point = 0.500000 0.500000
camera_distortion = 0.000000 0.000000
rotation = -0.999823 0.000000 0.018816 -0.018682 -0.119295 -0.992683 0.002245 -0.992859 0.119275
translation = 3.514885 -9.050833 17.559410
id = 61
name = 0061

focal_length = 5.323155
pixel_aspect = 1.000000
principal_point = 0.500000 0.500000
camera_distortion = 0.000000 0.000000
rotation = -0.122324 0.000000 0.992490 -0.151537 -0.988275 -0.018677 0.980854 -0.152683 0.120890
translation = 8.170889 3.224937 25.433926
id = 62
name = 0062

focal_length = 2.591104
pixel_aspect = 1.000000
principal_point = 0.500000 0.500000
camera_distortion = 0.000000 0.000000
rotation = 0.158802 -0.000000 -0.987310 0.192211 -0.980866 0.030916 -0.968420 -0.194681 -0.155764
translation = -5.428962 1.794861 43.738464
id = 63
name = 0063

focal_length = 3.405727
pixel_aspect = 1.000000
principal_point = 0.500000 0.500000
camera_distortion = 0.000000 0.000000
rotation = -0.165456 0.000000 -0.986217 0.585943 -0.804368 -0.098302 -0.793282 -0.594131 0.133087
translation = -1.723037 1.862535 35.723785
id = 64
name = 0064

focal_length = 2.364136
pixel_aspect = 1.000000
principal_point = 0.500000 0.500000
camera_distortion = 0.000000 0.000000
rotation = 0.379902 0.000000 0.925027 -0.206093 -0.974865 0.084641 0.901776 -0.222796 -0.370353
translation = 2.507393 0.919618 12.270584
id = 65
name = 0065

focal_length = 2.014315
pixel_aspect = 1.000000
principal_point = 0.500000 0.500000
camera_distortion = 0.000000 0.000000
rotation = 0.359846 -0.000000 -0.933012 0.626024 -0.741483 0.241446 -0.691813 -0.670971 -0.266820
translation = -7.659386 3.570484 19.741161
id = 66
name = 0066

focal_length = 5.730584
pixel_aspect = 1.000000
principal_point = 0.500000 0.500000
camera_distortion = 0.000000 0.000000
rotation = 0.029547 0.000000 0.999563 -0.137500 -0.990493 0.004064 0.990061 -0.137560 -0.029266
translation = 7.056458 4.011211 51.233273
id = 67
name = 0067

focal_length = 5.943599
pixel_aspect = 1.000000
principal_point = 0.500000 0.500000
camera_distortion = 0.000000 0.000000
rotation = 0.172630 -0.000000 -0.984987 0.260772 -0.964318 0.045703 -0.949840 -0.264747 -0.166470
translation = -8.175161 4.131091 31.737949
id = 68
name = 0068

focal_length = 5.371136
pixel_aspect = 1.000000
principal_point = 0.500000 0.500000
camera_distortion = 0.000000 0.000000
rotation = -0.073444 0.000000 -0.997299 0.370679 -0.928360 -0.027298 -0.925853 -0.371683 0.068183
translation = -4.543423 0.303165 50.873241
id = 69
name = 0069

focal_length = 2.396784
pixel_aspect = 1.000000
principal_point = 0.500000 0.500000
camera_distortion = 0.000000 0.000000
rotation = -0.279486 0.000000 -0.960150 0.204699 -0.977010 -0.059585 -0.938076 -0.213195 0.273061
translation = -0.124621 4.785321 41.334152
id = 70
name = 0070

focal_length = 4.190955
pixel_aspect = 1.000000
principal_point = 0.500000 0.500000
camera_distortion = 0.000000 0.000000
rotation = 0.078963 0.000000 -0.996877 0.046870 -0.998894 0.003713 -0.995775 -0.047016 -0.078876
translation = -3.524221 1.630559 49.115055
id = 71
name = 0071

focal_length = 4.324953
pixel_aspect = 1.000000
principal_point = 0.500000 0.500000
camera_distortion = 0.000000 0.000000
rotation = 0.046871 -0.000000 -0.998901 0.139356 -0.990221 0.006539 -0.989133 -0.139509 -0.046413
translation = -6.716619 0.430603 46.836914
id = 72
name = 0072

focal_length = 4.649937
pixel_aspect = 1.000000
principal_point = 0.500000 0.500000
camera_distortion = 0.000000 0.000000
rotation = -0.068493 -0.000000 -0.997652 0.217300 -0.975991 -0.014919 -0.973699 -0.217811 0.066849
translation = -2.772412 4.114513 29.364149
id = 73
name = 0073

focal_length = 4.473892
pixel_aspect = 1.000000
principal_point = 0.500000 0.500000
camera_distortion = 0.000000 0.000000
rotation = 0.152686 0.000000 -0.988275 0.770036 -0.626811 0.118968 -0.619461 -0.779171 -0.095705
translation = -7.838676 5.023884 23.806034
id = 74
name = 0074

focal_length = 5.407133
pixel_aspect = 1.000000
principal_point = 0.500000 0.500000
camera_distortion = 0.000000 0.000000
rotation = 0.435781 0.000000 -0.900053 0.143187 -0.987265 0.069327 -0.888590 -0.159087 -0.430231
translation = -9.405788 5.561131 23.438053
id = 75
name = 0075

focal_length = 5.058910
pixel_aspect = 1.000000
principal_point = 0.500000 0.500000
camera_distortion = 0.000000 0.000000
rotation = -0.192132 0.000000 -0.981369 0.743732 -0.652428 -0.145607 -0.640272 -0.757851 0.125352
translation = -0.659482 1.996922 24.580917
id = 76
name = 0076

focal_length = 2.976436
pixel_aspect = 1.000000
principal_point = 0.500000 0.500000
camera_distortion = 0.000000 0.000000
rotation = 0.096735 0.000000 -0.995310 0.375466 -0.926118 0.036492 -0.921774 -0.377235 -0.089588
translation = -4.557608 5.499326 45.313801
id = 77
name = 0077

focal_length = 2.503063
pixel_aspect = 1.000000
principal_point = 0.500000 0.500000
camera_distortion = 0.000000 0.000000
rotation = -0.030893 0.000000 -0.999523 0.403221 -0.915018 -0.012463 -0.914581 -0.403414 0.028268
translation = -0.103416 5.451584 42.000843
id = 78
name = 0078

focal_length = 3.611734
pixel_aspect = 1.000000
principal_point = 0.500000 0.500000
camera_distortion = 0.000000 0.000000
rotation = 0.085423 -0.000000 -0.996345 0.251361 -0.967653 0.021551 -0.964116 -0.252283 -0.082660
translation = -2.484247 2.619761 56.116051
id = 79
name = 0079

focal_length = 5.730725
pixel_aspect = 1.000000
principal_point = 0.500000 0.500000
camera_distortion = 0.000000 0.000000
rotation = 0.108586 0.000000 -0.994087 0.396569 -0.916982 0.043318 -0.911560 -0.398928 -0.099571
translation = -2.803975 2.163680 44.353848
id = 80
name = 0080

focal_length = 3.619302
pixel_aspect = 1.000000
principal_point = 0.500000 0.500000
camera_distortion = 0.000000 0.000000
rotation = 0.132644 0.000000 0.991164 -0.451894 -0.890019 0.060476 0.882155 -0.455922 -0.118056
translation = 1.983314 4.101157 37.094582
id = 81
name = 0081

focal_length = 2.116270
pixel_aspect = 1.000000
principal_point = 0.500000 0.500000
camera_distortion = 0.000000 0.000000
rotation = 0.296287 0.000000 -0.955099 0.297885 -0.950118 0.092409 -0.907457 -0.311890 -0.281507
translation = -9.799751 4.582561 21.618063
id = 82
name = 0082

focal_length = 5.280992
pixel_aspect = 1.000000
principal_point = 0.500000 0.500000
camera_distortion = 0.000000 0.000000
rotation = -0.170039 0.000000 -0.985437 0.297090 -0.953472 -0.051263 -0.939587 -0.301481 0.162128
translation = -0.680030 5.752356 25.850380
id = 83
name = 0083

focal_length = 4.949016
pixel_aspect = 1.000000
principal_point = 0.500000 0.500000
camera_distortion = 0.000000 0.000000
rotation = 0.114442 -0.000000 -0.993430 0.034974 -0.999380 0.004029 -0.992814 -0.035205 -0.114371
translation = -1.320301 6.582951 30.477596
id = 84
name = 0084

focal_length = 3.036589
pixel_aspect = 1.000000
principal_point = 0.500000 0.500000
camera_distortion = 0.000000 0.000000
rotation = -0.262461 -0.000000 -0.964943 0.291083 -0.953416 -0.079174 -0.919992 -0.301658 0.250235
translation = -0.926030 4.538252 38.182259
id = 85
name = 0085

focal_length = 3.809333
pixel_aspect = 1.000000
principal_point = 0.500000 0.500000
camera_distortion = 0.000000 0.000000
rotation = -0.627262 -0.000000 -0.778808 0.702723 -0.431097 -0.565982 -0.335742 -0.902306 0.270411
translation = -3.670710 5.062183 16.880064
id = 86
name = 0086

focal_length = 4.428330
pixel_aspect = 1.000000
principal_point = 0.500000 0.500000
camera_distortion = 0.000000 0.000000
rotation = -0.155441 0.000000 -0.987845 0.305147 -0.951094 -0.048016 -0.939534 -0.308902 0.147839
translation = -5.874184 2.487919 30.513456
id = 87
name = 0087

focal_length = 3.951090
pixel_aspect = 1.000000
principal_point = 0.500000 0.500000
camera_distortion = 0.000000 0.000000
rotation = -0.261767 0.000000 0.965131 -0.921875 -0.296023 -0.250035 0.285701 -0.955181 0.077489
translation = 4.440654 4.154051 18.962164
id = 88
name = 0088

focal_length = 3.061145
pixel_aspect = 1.000000
principal_point = 0.500000 0.500000
camera_distortion = 0.000000 0.000000
rotation = -0.085415 -0.000000 -0.996345 -0.019170 -0.999815 0.001643 -0.996161 0.019240 0.085400
translation = -7.544443 6.162346 18.592989
id = 89
name = 0089

focal_length = 2.882715
pixel_aspect = 1.000000
principal_point = 0.500000 0.500000
camera_distortion = 0.000000 0.000000
rotation = -0.097518 0.000000 0.995234 0.335718 -0.941388 0.032895 0.936901 0.337325 0.091802
translation = 2.596173 5.016298 13.458432
id = 90
name = 0090

focal_length = 4.662341
pixel_aspect = 1.000000
principal_point = 0.500000 0.500000
camera_distortion = 0.000000 0.000000
rotation = -0.230111 0.000000 -0.973164 0.541022 -0.831222 -0.127928 -0.808916 -0.555941 0.191273
translation = -0.831489 4.056715 31.057089
id = 91
name = 0091

focal_length = 3.723726
pixel_aspect = 1.000000
principal_point = 0.500000 0.500000
camera_distortion = 0.000000 0.000000
rotation = 0.404613 0.000000 -0.914488 0.627802 -0.727123 0.277770 -0.664945 -0.686507 -0.294204
translation = -2.893670 6.120582 11.744852
id = 92
name = 0092

focal_length = 5.891623
pixel_aspect = 1.000000
principal_point = 0.500000 0.500000
camera_distortion = 0.000000 0.000000
rotation = 0.177660 -0.000000 -0.984092 0.333103 -0.940971 0.060136 -0.926002 -0.338487 -0.167173
translation = -4.788661 2.316216 37.550964
id = 93
name = 0093

focal_length = 4.942421
pixel_aspect = 1.000000
principal_point = 0.500000 0.500000
camera_distortion = 0.000000 0.000000
rotation = 0.085669 0.000000 -0.996324 0.221291 -0.975022 0.019028 -0.971438 -0.222108 -0.083529
translation = -8.575429 6.023304 40.790936
id = 94
name = 0094

focal_length = 3.582145
pixel_aspect = 1.000000
principal_point = 0.500000 0.500000
camera_distortion = 0.000000 0.000000
rotation = 0.038563 0.000000 -0.999256 0.140517 -0.990063 0.005423 -0.989327 -0.140621 -0.038180
translation = -1.304839 6.479615 49.612129
id = 95
name = 0095

focal_length = 3.717410
pixel_aspect = 1.000000
principal_point = 0.500000 0.500000
camera_distortion = 0.000000 0.000000
rotation = 0.926967 0.000000 0.375143 -0.200870 -0.844568 0.496343 0.316833 -0.535449 -0.782886
translation = 6.909167 5.001601 7.428203
id = 96
name = 0096

focal_length = 3.841725
pixel_aspect = 1.000000
principal_point = 0.500000 0.500000
camera_distortion = 0.000000 0.000000
rotation = -0.093540 -0.000000 -0.995616 -0.252339 -0.967348 0.023708 -0.963107 0.253451 0.090486
translation = -5.740413 4.564858 8.502285
id = 97
name = 0097

focal_length = 4.361956
pixel_aspect = 1.000000
principal_point = 0.500000 0.500000
camera_distortion = 0.000000 0.000000
rotation = 0.041876 -0.000000 0.999123 -0.269455 -0.962947 0.011294 0.962102 -0.269692 -0.040325
translation = 6.493057 0.210858 47.207581
id = 98
name = 0098

focal_length = 2.973208
pixel_aspect = 1.000000
principal_point = 0.500000 0.500000
camera_distortion = 0.000000 0.000000
rotation = 0.317494 -0.000000 0.948260 -0.181541 -0.981503 0.060783 0.930721 -0.191446 -0.311621
translation = 4.279381 5.469965 19.175756
id = 99
name = 0099

focal_length = 2.310824
pixel_aspect = 1.000000
principal_point = 0.500000 0.500000
camera_distortion = 0.000000 0.000000
rotation = 0.037447 0.000000 -0.999299 0.323025 -0.946313 0.012105 -0.945650 -0.323251 -0.035436
translation = -7.262550 1.305029 43.337189
id = 100
name = 0100

focal_length = 4.001060
pixel_aspect = 1.000000
principal_point = 0.500000 0.500000
camera_distortion = 0.000000 0.000000
rotation = -0.770284 -0.000000 -0.637701 0.253141 -0.917836 -0.305771 -0.585305 -0.396959 0.706995
translation = 0.942262 4.533067 18.658051
id = 101
name = 0101

focal_length = 2.013546
pixel_aspect = 1.000000
principal_point = 0.500000 0.500000
camera_distortion = 0.000000 0.000000
rotation = -0.066539 -0.000000 -0.997784 0.290290 -0.956743 -0.019358 -0.954623 -0.290935 0.063661
translation = -7.547468 -0.936609 34.847244
id = 102
name = 0102

focal_length = 3.439095
pixel_aspect = 1.000000
principal_point = 0.500000 0.500000
camera_distortion = 0.000000 0.000000
rotation = 0.187822 -0.000000 0.982203 -0.304991 -0.950568 0.058322 0.933651 -0.310517 -0.178537
translation = 9.465178 -0.945793 42.576904
id = 103
name = 0103

focal_length = 3.975658
pixel_aspect = 1.000000
principal_point = 0.500000 0.500000
camera_distortion = 0.000000 0.000000
rotation = -0.017565 -0.000000 -0.999846 -0.099024 -0.995084 0.001740 -0.994930 0.099039 0.017479
translation = -2.559678 6.493828 27.936378
id = 104
name = 0104

focal_length = 3.219418
pixel_aspect = 1.000000
principal_point = 0.500000 0.500000
camera_distortion = 0.000000 0.000000
rotation = -0.049093 0.000000 -0.998794 0.300202 -0.953762 -0.014755 -0.952612 -0.300564 0.046823
translation = -9.223768 5.802390 59.141628
id = 105
name = 0105

focal_length = 5.304860
pixel_aspect = 1.000000
principal_point = 0.500000 0.500000
camera_distortion = 0.000000 0.000000
rotation = 0.021605 0.000000 -0.999767 -0.025913 -0.999664 -0.000560 -0.999431 0.025919 -0.021597
translation = -7.777533 1.364076 44.777668
id = 106
name = 0106

focal_length = 5.607781
pixel_aspect = 1.000000
principal_point = 0.500000 0.500000
camera_distortion = 0.000000 0.000000
rotation = -0.048116 0.000000 -0.998842 0.348370 -0.937207 -0.016781 -0.936122 -0.348773 0.045094
translation = -7.641527 4.349287 44.058399
id = 107
name = 0107

focal_length = 3.630031
pixel_aspect = 1.000000
principal_point = 0.500000 0.500000
camera_distortion = 0.000000 0.000000
rotation = 0.035247 0.000000 -0.999379 0.412767 -0.910721 0.014558 -0.910155 -0.413023 -0.032100
translation = -8.176831 2.266943 22.731956
id = 108
name = 0108

focal_length = 3.503602
pixel_aspect = 1.000000
principal_point = 0.500000 0.500000
camera_distortion = 0.000000 0.000000
rotation = 0.164130 -0.000000 0.986439 -0.150419 -0.988306 0.025028 0.974903 -0.152487 -0.162211
translation = 5.785432 4.013597 23.602365
id = 109
name = 0109

focal_length = 3.977038
pixel_aspect = 1.000000
principal_point = 0.500000 0.500000
camera_distortion = 0.000000 0.000000
rotation = -0.134248 0.000000 -0.990948 0.268364 -0.962631 -0.036356 -0.953917 -0.270815 0.129232
translation = -5.595394 5.258060 30.272793
id = 110
name = 0110

focal_length = 3.088907
pixel_aspect = 1.000000
principal_point = 0.500000 0.500000
camera_distortion = 0.000000 0.000000
rotation = 0.191265 0.000000 -0.981538 0.328653 -0.942277 0.064042 -0.924881 -0.334835 -0.180224
translation = -9.966236 2.539444 39.298672
id = 111
name = 0111

focal_length = 4.890841
pixel_aspect = 1.000000
principal_point = 0.500000 0.500000
camera_distortion = 0.000000 0.000000
rotation = 0.928299 0.000000 0.371834 -0.352137 -0.321157 0.879123 0.119417 -0.947026 -0.298130
translation = -0.277416 6.590852 16.661860
id = 112
name = 0112

focal_length = 2.221217
pixel_aspect = 1.000000
principal_point = 0.500000 0.500000
camera_distortion = 0.000000 0.000000
rotation = -0.059736 0.000000 -0.998214 0.287084 -0.957751 -0.017180 -0.956041 -0.287597 0.057212
translation = -8.272689 0.769944 34.707874
id = 113
name = 0113

focal_length = 2.408055
pixel_aspect = 1.000000
principal_point = 0.500000 0.500000
camera_distortion = 0.000000 0.000000
rotation = -0.153485 0.000000 -0.988151 0.299155 -0.953073 -0.046466 -0.941780 -0.302742 0.146282
translation = -1.542368 3.142210 52.643513
id = 114
name = 0114

focal_length = 2.953977
pixel_aspect = 1.000000
principal_point = 0.500000 0.500000
camera_distortion = 0.000000 0.000000
rotation = -0.025811 0.000000 -0.999667 0.382915 -0.923731 -0.009887 -0.923423 -0.383043 0.023843
translation = -0.530522 5.488128 40.872559
id = 115
name = 0115

focal_length = 4.995966
pixel_aspect = 1.000000
principal_point = 0.500000 0.500000
camera_distortion = 0.000000 0.000000
rotation = -0.065074 -0.000000 -0.997881 0.521511 -0.852566 -0.034009 -0.850759 -0.522619 0.055480
translation = -2.098483 -0.111568 32.495293
id = 116
name = 0116

focal_length = 2.296790
pixel_aspect = 1.000000
principal_point = 0.500000 0.500000
camera_distortion = 0.000000 0.000000
rotation = -0.187854 -0.000000 -0.982197 0.618556 -0.776783 -0.118304 -0.762954 -0.629768 0.145922
translation = -4.038541 3.826935 32.301193
id = 117
name = 0117

focal_length = 2.873484
pixel_aspect = 1.000000
principal_point = 0.500000 0.500000
camera_distortion = 0.000000 0.000000
rotation = -0.026575 -0.000000 -0.999647 -0.092050 -0.995751 0.002447 -0.995400 0.092083 0.026462
translation = -6.432280 4.955878 25.535727
id = 118
name = 0118

focal_length = 4.629357
pixel_aspect = 1.000000
principal_point = 0.500000 0.500000
camera_distortion = 0.000000 0.000000
rotation = 0.230597 0.000000 -0.973049 0.152588 -0.987628 0.036161 -0.961011 -0.156814 -0.227744
translation = -7.450362 3.924291 35.139580
id = 119
name = 0119

focal_length = 5.833678
pixel_aspect = 1.000000
principal_point = 0.500000 0.500000
camera_distortion = 0.000000 0.000000
rotation = -0.110140 0.000000 -0.993916 0.411179 -0.910415 -0.045564 -0.904876 -0.413696 0.100273
translation = -5.958374 3.139392 39.753159
id = 120
name = 0120

focal_length = 4.067365
pixel_aspect = 1.000000
principal_point = 0.500000 0.500000
camera_distortion = 0.000000 0.000000
rotation = 0.161565 0.000000 -0.986862 0.385074 -0.920730 0.063043 -0.908634 -0.390200 -0.148758
translation = -4.236804 -0.526207 36.256386
id = 121
name = 0121

focal_length = 5.560503
pixel_aspect = 1.000000
principal_point = 0.500000 0.500000
camera_distortion = 0.000000 0.000000
rotation = -0.063774 -0.000000 -0.997964 0.204945 -0.978686 -0.013097 -0.976694 -0.205363 0.062415
translation = -2.725946 6.187703 55.561520
id = 122
name = 0122

focal_length = 2.693456
pixel_aspect = 1.000000
principal_point = 0.500000 0.500000
camera_distortion = 0.000000 0.000000
rotation = -0.117806 0.000000 -0.993037 0.186778 -0.982152 -0.022158 -0.975313 -0.188088 0.115704
translation = -0.468591 3.132366 48.418037
id = 123
name = 0123

focal_length = 3.594984
pixel_aspect = 1.000000
principal_point = 0.500000 0.500000
camera_distortion = 0.000000 0.000000
rotation = 0.166931 0.000000 0.985969 0.048131 -0.998808 -0.008149 0.984793 0.048816 -0.166732
translation = 5.059361 2.557907 38.034599
id = 124
name = 0124

focal_length = 3.058316
pixel_aspect = 1.000000
principal_point = 0.500000 0.500000
camera_distortion = 0.000000 0.000000
rotation = 0.024852 0.000000 -0.999691 0.431850 -0.901881 0.010736 -0.901603 -0.431984 -0.022414
translation = -7.310966 2.882133 45.150105
id = 125
name = 0125

focal_length = 4.924740
pixel_aspect = 1.000000
principal_point = 0.500000 0.500000
camera_distortion = 0.000000 0.000000
rotation = -0.026876 0.000000 -0.999639 -0.011678 -0.999932 0.000314 -0.999571 0.011683 0.026875
translation = -8.031619 2.985362 53.348728
id = 126
name = 0126

focal_length = 2.505858
pixel_aspect = 1.000000
principal_point = 0.500000 0.500000
camera_distortion = 0.000000 0.000000
rotation = -0.110453 0.000000 -0.993881 0.351212 -0.935482 -0.039031 -0.929758 -0.353374 0.103327
translation = -2.214092 3.503592 32.307510
id = 127
name = 0127

focal_length = 5.047858
pixel_aspect = 1.000000
principal_point = 0.500000 0.500000
camera_distortion = 0.000000 0.000000
rotation = -0.015728 0.000000 -0.999876 0.895242 -0.445358 -0.014082 -0.445303 -0.895353 0.007005
translation = -8.270698 3.121400 23.832592
id = 128
name = 0128

focal_length = 5.045914
pixel_aspect = 1.000000
principal_point = 0.500000 0.500000
camera_distortion = 0.000000 0.000000
rotation = -0.199879 -0.000000 -0.979821 0.262007 -0.963585 -0.053448 -0.944140 -0.267403 0.192600
translation = -5.870751 7.352305 36.702721
id = 129
name = 0129

focal_length = 3.853948
pixel_aspect = 1.000000
principal_point = 0.500000 0.500000
camera_distortion = 0.000000 0.000000
rotation = 0.101620 0.000000 -0.994823 0.293879 -0.955371 0.030020 -0.950425 -0.295409 -0.097085
translation = -8.172915 2.674665 42.189968
id = 130
name = 0130

focal_length = 4.858482
pixel_aspect = 1.000000
principal_point = 0.500000 0.500000
camera_distortion = 0.000000 0.000000
rotation = 0.587205 0.000000 -0.809439 0.721503 -0.453292 0.523412 -0.366912 -0.891362 -0.266175
translation = -4.939908 9.153334 19.905703
id = 131
name = 0131

focal_length = 3.969429
pixel_aspect = 1.000000
principal_point = 0.500000 0.500000
camera_distortion = 0.000000 0.000000
rotation = 0.022737 0.000000 -0.999741 0.333941 -0.942563 0.007595 -0.942320 -0.334028 -0.021431
translation = -10.040268 0.201990 40.992741
id = 132
name = 0132

focal_length = 2.821767
pixel_aspect = 1.000000
principal_point = 0.500000 0.500000
camera_distortion = 0.000000 0.000000
rotation = -0.192608 0.000000 -0.981276 0.196068 -0.979835 -0.038485 -0.961488 -0.199809 0.188724
translation = -3.359829 3.336952 43.599991
id = 133
name = 0133

focal_length = 5.565575
pixel_aspect = 1.000000
principal_point = 0.500000 0.500000
camera_distortion = 0.000000 0.000000
rotation = 0.007992 0.000000 0.999968 -0.529236 -0.848464 0.004230 0.848437 -0.529253 -0.006781
translation = 5.870250 1.455826 35.227337
id = 134
name = 0134

focal_length = 3.767673
pixel_aspect = 1.000000
principal_point = 0.500000 0.500000
camera_distortion = 0.000000 0.000000
rotation = -0.998313 0.000000 -0.058067 0.039695 -0.729840 -0.682464 -0.042379 -0.683618 0.728609
translation = -0.783227 1.402348 15.991466
id = 135
name = 0135

focal_length = 2.297275
pixel_aspect = 1.000000
principal_point = 0.500000 0.500000
camera_distortion = 0.000000 0.000000
rotation = 0.076958 0.000000 -0.997034 -0.188288 -0.982006 -0.014533 -0.979094 0.188848 -0.075573
translation = -8.754555 8.219292 24.980314
id = 136
name = 0136

focal_length = 2.862823
pixel_aspect = 1.000000
principal_point = 0.500000 0.500000
camera_distortion = 0.000000 0.000000
rotation = 0.753059 0.000000 -0.657953 0.009885 -0.999887 0.011314 -0.657879 -0.015024 -0.752974
translation = -5.497615 7.841053 6.527250
id = 137
name = 0137

focal_length = 5.971530
pixel_aspect = 1.000000
principal_point = 0.500000 0.500000
camera_distortion = 0.000000 0.000000
rotation = -0.035330 -0.000000 0.999376 -0.328564 -0.944410 -0.011615 0.943821 -0.328770 0.033366
translation = 7.930582 0.461195 57.705048
id = 138
name = 0138

focal_length = 4.201446
pixel_aspect = 1.000000
principal_point = 0.500000 0.500000
camera_distortion = 0.000000 0.000000
rotation = -0.558611 0.000000 -0.829430 0.083195 -0.994957 -0.056031 -0.825247 -0.100304 0.555794
translation = 0.374403 3.944631 21.658779
id = 139
name = 0139

focal_length = 3.996994
pixel_aspect = 1.000000
principal_point = 0.500000 0.500000
camera_distortion = 0.000000 0.000000
rotation = -0.012101 -0.000000 -0.999927 0.224828 -0.974395 -0.002721 -0.974324 -0.224844 0.011791
